 1, [1],[[0, -1, 0], [0, -1, 0]]
 2, [2],[[0, -2, 0], [0, -2, 0]]
 1, [3, 3, 0],[0, 0, 0, 0, 0, 0],[],[],0
 2, [2, 0, 2],[1, 1, 1, 1, 1, 1],[],[],0
 3, [4, 0, 2],[1, 1, 1, 1, 1, 1],[],[],0
 4, [0, 2, 2],[0, 0, 0, 0, 0, 0],[],[],0
 5, [6, 2, 2],[0, 0, 0, 0, 0, 0],[],[],0
 6, [0, 4, 2],[0, 0, 0, 0, 0, 0],[],[],0
 7, [6, 4, 2],[0, 0, 0, 0, 0, 0],[],[],0
 8, [2, 6, 2],[0, 0, 0, 0, 0, 0],[[1, [1],[[0, -1, 0], [0, -1, 0]]]],[],0
 9, [4, 6, 2],[0, 0, 0, 0, 0, 0],[[1, [1],[[0, -1, 0], [0, -1, 0]]]],[],0
 10, [2, 0, 4],[1, 1, 1, 1, 1, 1],[],[],0
 11, [4, 0, 4],[1, 1, 1, 1, 1, 1],[],[],0
 12, [0, 2, 4],[0, 0, 0, 0, 0, 0],[],[],0
 13, [6, 2, 4],[0, 0, 0, 0, 0, 0],[],[],0
 14, [0, 4, 4],[0, 0, 0, 0, 0, 0],[],[],0
 15, [6, 4, 4],[0, 0, 0, 0, 0, 0],[],[],0
 16, [2, 6, 4],[0, 0, 0, 0, 0, 0],[[2, [2],[[0, -2, 0], [0, -2, 0]]]],[],0
 17, [4, 6, 4],[0, 0, 0, 0, 0, 0],[[2, [2],[[0, -2, 0], [0, -2, 0]]]],[],0
 18, [3, 3, 6],[0, 0, 0, 0, 0, 0],[],[],0
 1,1,2,205000000000,0.003,[[1e-08], [1e-08], [1e-08]],8000000,6e-09,0
 2,1,3,205000000000,0.003,[[1e-08], [1e-08], [1e-08]],8000000,6e-09,0
 3,1,4,205000000000,0.003,[[1e-08], [1e-08], [1e-08]],8000000,6e-09,0
 4,1,5,205000000000,0.003,[[1e-08], [1e-08], [1e-08]],8000000,6e-09,0
 5,1,6,205000000000,0.003,[[1e-08], [1e-08], [1e-08]],8000000,6e-09,0
 6,1,7,205000000000,0.003,[[1e-08], [1e-08], [1e-08]],8000000,6e-09,0
 7,1,8,205000000000,0.003,[[1e-08], [1e-08], [1e-08]],8000000,6e-09,0
 8,1,9,205000000000,0.003,[[1e-08], [1e-08], [1e-08]],8000000,6e-09,0
 9,2,3,205000000000,0.003,[[1e-08], [1e-08], [1e-08]],8000000,6e-09,0
 10,3,5,205000000000,0.003,[[1e-08], [1e-08], [1e-08]],8000000,6e-09,0
 11,5,7,205000000000,0.003,[[1e-08], [1e-08], [1e-08]],8000000,6e-09,0
 12,7,9,205000000000,0.003,[[1e-08], [1e-08], [1e-08]],8000000,6e-09,0
 13,9,8,205000000000,0.003,[[1e-08], [1e-08], [1e-08]],8000000,6e-09,0
 14,8,6,205000000000,0.003,[[1e-08], [1e-08], [1e-08]],8000000,6e-09,0
 15,6,4,205000000000,0.003,[[1e-08], [1e-08], [1e-08]],8000000,6e-09,0
 16,4,2,205000000000,0.003,[[1e-08], [1e-08], [1e-08]],8000000,6e-09,0
 17,2,10,205000000000,0.003,[[1e-08], [1e-08], [1e-08]],8000000,6e-09,0
 18,3,11,205000000000,0.003,[[1e-08], [1e-08], [1e-08]],8000000,6e-09,0
 19,4,12,205000000000,0.003,[[1e-08], [1e-08], [1e-08]],8000000,6e-09,0
 20,5,13,205000000000,0.003,[[1e-08], [1e-08], [1e-08]],8000000,6e-09,0
 21,6,14,205000000000,0.003,[[1e-08], [1e-08], [1e-08]],8000000,6e-09,0
 22,7,15,205000000000,0.003,[[1e-08], [1e-08], [1e-08]],8000000,6e-09,0
 23,8,16,205000000000,0.003,[[1e-08], [1e-08], [1e-08]],8000000,6e-09,0
 24,9,17,205000000000,0.003,[[1e-08], [1e-08], [1e-08]],8000000,6e-09,0
 25,10,11,205000000000,0.003,[[1e-08], [1e-08], [1e-08]],8000000,6e-09,0
 26,11,13,205000000000,0.003,[[1e-08], [1e-08], [1e-08]],8000000,6e-09,0
 27,13,15,205000000000,0.003,[[1e-08], [1e-08], [1e-08]],8000000,6e-09,0
 28,15,17,205000000000,0.003,[[1e-08], [1e-08], [1e-08]],8000000,6e-09,0
 29,17,16,205000000000,0.003,[[1e-08], [1e-08], [1e-08]],8000000,6e-09,0
 30,16,14,205000000000,0.003,[[1e-08], [1e-08], [1e-08]],8000000,6e-09,0
 31,14,12,205000000000,0.003,[[1e-08], [1e-08], [1e-08]],8000000,6e-09,0
 32,12,10,205000000000,0.003,[[1e-08], [1e-08], [1e-08]],8000000,6e-09,0
 33,10,18,205000000000,0.003,[[1e-08], [1e-08], [1e-08]],8000000,6e-09,0
 34,11,18,205000000000,0.003,[[1e-08], [1e-08], [1e-08]],8000000,6e-09,0
 35,12,18,205000000000,0.003,[[1e-08], [1e-08], [1e-08]],8000000,6e-09,0
 36,13,18,205000000000,0.003,[[1e-08], [1e-08], [1e-08]],8000000,6e-09,0
 37,14,18,205000000000,0.003,[[1e-08], [1e-08], [1e-08]],8000000,6e-09,0
 38,15,18,205000000000,0.003,[[1e-08], [1e-08], [1e-08]],8000000,6e-09,0
 39,16,18,205000000000,0.003,[[1e-08], [1e-08], [1e-08]],8000000,6e-09,0
 40,17,18,205000000000,0.003,[[1e-08], [1e-08], [1e-08]],8000000,6e-09,0
